0.000036737
0.000014527
0.000014737
0.000014457
0.000014527
0.000014597
0.000014597
0.000014458
0.000014667
0.000014528
0.000014108
0.000014527
0.000013898
0.000012991
0.000014247
0.000014527
0.000014458
0.000014388
0.000014318
0.000014947
0.000014318
0.000014248
0.000014667
0.000014527
0.000014318
0.000013201
0.000014039
0.000013968
0.000014737
0.000014387
0.000014108
0.000014038
0.000014248
0.000014108
0.000014038
0.000014317
0.000014248
0.000014248
0.000014178
0.000014248
0.000014248
0.000014388
0.000014387
0.000014108
0.000014038
0.000012571
0.000013619
0.000014108
0.000014178
0.000014318

