0.007226504
0.001821572
0.001804251
0.001808722
0.001787978
0.001754523
0.001695925
0.001735526
0.001720649
0.001737901
0.001769540
0.001758644
0.001436598
0.001812144
0.001774079
0.002845120
0.002037736
0.001753755
0.001741393
0.001709265
0.001736015
0.001435062
0.001813261
0.001792448
0.001679163
0.001771775
0.001735526
0.001690128
0.001667429
0.001384565
0.001846087
0.001791261
0.001618330
0.001667010
0.001644381
0.001676788
0.001612044
0.001652483
0.001732174
0.001763952
0.001756828
0.001754524
0.001726796
0.001897142
0.001757666
0.001769470
0.001281058
0.001797756
0.001723793
0.001316678

