0.009219683
0.003812096
0.004384878
0.004267751
0.003170659
0.003961420
0.003052135
0.003818102
0.003105914
0.003206348
0.009580213
0.002835552
0.003050878
0.003117089
0.002666323
0.003715783
0.003134131
0.003130987
0.003039215
0.003312231
0.003122117
0.003060866
0.003052275
0.009462387
0.003013582
0.002675263
0.003085870
0.002989486
0.003126588
0.003412455
0.003051856
0.003218920
0.003051996
0.003017563
0.003114855
0.003015677
0.005969962
0.003152849
0.002992978
0.002572455
0.003013512
0.002896734
0.003141254
0.003050947
0.002978799
0.003438226
0.002806776
0.002708018
0.002381153
0.005382791

