0.000160079
0.000034223
0.000035411
0.000034711
0.000034293
0.000034083
0.000034572
0.000034642
0.000034013
0.000034292
0.000034292
0.000034642
0.000056223
0.000034223
0.000034293
0.000031987
0.000037017
0.000059506
0.000036527
0.000036668
0.000036667
0.000036946
0.000038553
0.000036458
0.000036458
0.000035689
0.000036248
0.000036668
0.000036318
0.000036807
0.000036737
0.000036597
0.000036667
0.000037925
0.000040788
0.000036807
0.000036667
0.000036318
0.000036178
0.000035899
0.000036737
0.000036388
0.000036947
0.000036388
0.000036667
0.000038344
0.000036598
0.000036248
0.000036388
0.000037016
