0.000038692
0.000014946
0.000015156
0.000015086
0.000014876
0.000015365
0.000015365
0.000015086
0.000015086
0.000015086
0.000015155
0.000015225
0.000014876
0.000015366
0.000015016
0.000015645
0.000017809
0.000015155
0.000014666
0.000014806
0.000015016
0.000015156
0.000015016
0.000014877
0.000015016
0.000014736
0.000015016
0.000015016
0.000015225
0.000015016
0.000015086
0.000014806
0.000015226
0.000014876
0.000015016
0.000015226
0.000015086
0.000015086
0.000014947
0.000015156
0.000015016
0.000014877
0.000014876
0.000014737
0.000015086
0.000015155
0.000014807
0.000015086
0.000014947
0.000015086
