0.006930440
0.001379886
0.001894069
0.001396508
0.001607923
0.001818290
0.001815007
0.001765418
0.001797407
0.001587390
0.001750123
0.001769190
0.001660585
0.001694738
0.001576355
0.002717657
0.001779876
0.001816614
0.001868297
0.001588367
0.001623428
0.001857262
0.001796290
0.001656744
0.001317796
0.001781133
0.001783089
0.001761927
0.001865993
0.001711290
0.001750613
0.001782950
0.001769889
0.001815636
0.001504276
0.001813611
0.001629086
0.001714363
0.001743558
0.001769539
0.001666242
0.001751869
0.001702211
0.001789515
0.001753685
0.001724770
0.001598773
0.001739367
0.001740835
0.001764511

