0.006683896
0.001773660
0.001668338
0.001645569
0.001916070
0.001855866
0.001947709
0.001465025
0.001818569
0.001897911
0.001848183
0.001879752
0.001901264
0.001884152
0.001736364
0.002661853
0.001881847
0.001772683
0.001811097
0.001889180
0.001779318
0.001662750
0.001670013
0.001741533
0.001937722
0.001933392
0.001936464
0.001857752
0.001859917
0.001958535
0.001879683
0.001475641
0.001800760
0.001863409
0.001894210
0.001847764
0.001833935
0.001780296
0.001786652
0.001857682
0.001803903
0.001847484
0.001393156
0.001839663
0.001805299
0.001816265
0.001689850
0.001801178
0.001480320
0.001733990
