0.000033525
0.000013969
0.000014038
0.000014039
0.000014248
0.000014248
0.000014039
0.000014108
0.000014178
0.000014108
0.000014178
0.000014178
0.000014039
0.000014248
0.000014178
0.000014457
0.000014317
0.000015505
0.000013479
0.000013619
0.000013619
0.000013759
0.000013689
0.000013829
0.000013620
0.000013759
0.000013550
0.000013689
0.000013899
0.000013690
0.000013410
0.000013689
0.000013898
0.000013969
0.000013899
0.000013899
0.000013619
0.000013689
0.000013620
0.000013759
0.000013619
0.000013479
0.000013689
0.000013829
0.000014248
0.000013410
0.000013898
0.000013619
0.000013620
0.000013759
