0.001473465
0.000768266
0.001362765
0.001385882
0.000815340
0.001606445
0.000791663
0.001339717
0.000791035
0.001335177
0.007812219
0.000975139
0.000784469
0.000820718
0.000783701
0.000774132
0.000839785
0.000814781
0.000847328
0.000856966
0.000847747
0.000814432
0.000818273
0.007323253
0.000820229
0.000810870
0.000797250
0.000798857
0.000807308
0.000858712
0.000800393
0.000834267
0.000833290
0.000767288
0.000771549
0.000763098
0.003726370
0.000889512
0.000726780
0.000757440
0.000734323
0.000728176
0.000694024
0.000746196
0.000693256
0.001067820
0.000495252
0.000519208
0.000495951
0.003550577
