0.006779302
0.002042765
0.001935766
0.001860476
0.001651645
0.001535706
0.001712968
0.001707939
0.001768842
0.001973900
0.001897422
0.001894489
0.001874025
0.001901264
0.002031451
0.002684971
0.001975227
0.001867389
0.001792308
0.001932414
0.001954344
0.001795172
0.001710941
0.001878216
0.001874234
0.001819896
0.001920819
0.001424936
0.001834703
0.001866063
0.001882126
0.001825065
0.001876259
0.001948058
0.001769120
0.001503718
0.001642635
0.001909924
0.001651017
0.001959373
0.001318564
0.001954764
0.002235672
0.001916001
0.001908248
0.001629505
0.001484860
0.001926128
0.001952599
0.001642775

