0.000206035
0.000065373
0.000064325
0.000063836
0.000064465
0.000061112
0.000061112
0.000063347
0.000064674
0.000065023
0.000064115
0.000063976
0.000064534
0.000064185
0.000069283
0.000062509
0.000064883
0.000063627
0.000063976
0.000067049
0.000064325
0.000063766
0.000063627
0.000063627
0.000063486
0.000085767
0.000062788
0.000063696
0.000063627
0.000063556
0.000063696
0.000064185
0.000063417
0.000064186
0.000064743
0.000064255
0.000063486
0.000062998
0.000063626
0.000063766
0.000063138
0.000064185
0.000518021
0.000064185
0.000063906
0.000063836
0.000068445
0.000056014
0.000063906
0.000063766
