0.006683131
0.001815776
0.001423259
0.001878426
0.001870952
0.001828418
0.001845320
0.001942542
0.001967336
0.001779319
0.001843364
0.001851815
0.001743349
0.001808582
0.001740555
0.002538022
0.001891347
0.001929132
0.001786093
0.001792798
0.001846717
0.001831980
0.001792938
0.001814030
0.001831980
0.001821504
0.001849162
0.001860266
0.001790773
0.001832539
0.001436320
0.001850489
0.001841059
0.001875772
0.001837846
0.001922706
0.001810049
0.001824576
0.001636140
0.001757806
0.001848533
0.001934020
0.001831770
0.001854818
0.001787420
0.001840920
0.001766817
0.001783998
0.001896445
0.001825205
